Output of 10-fold Cross-Validation using Ridge Regression on the Train Data Set
$lambda
  [1] 1.000000e+10 7.564633e+09 5.722368e+09 4.328761e+09 3.274549e+09 2.477076e+09 1.873817e+09
  [8] 1.417474e+09 1.072267e+09 8.111308e+08 6.135907e+08 4.641589e+08 3.511192e+08 2.656088e+08
 [15] 2.009233e+08 1.519911e+08 1.149757e+08 8.697490e+07 6.579332e+07 4.977024e+07 3.764936e+07
 [22] 2.848036e+07 2.154435e+07 1.629751e+07 1.232847e+07 9.326033e+06 7.054802e+06 5.336699e+06
 [29] 4.037017e+06 3.053856e+06 2.310130e+06 1.747528e+06 1.321941e+06 1.000000e+06 7.564633e+05
 [36] 5.722368e+05 4.328761e+05 3.274549e+05 2.477076e+05 1.873817e+05 1.417474e+05 1.072267e+05
 [43] 8.111308e+04 6.135907e+04 4.641589e+04 3.511192e+04 2.656088e+04 2.009233e+04 1.519911e+04
 [50] 1.149757e+04 8.697490e+03 6.579332e+03 4.977024e+03 3.764936e+03 2.848036e+03 2.154435e+03
 [57] 1.629751e+03 1.232847e+03 9.326033e+02 7.054802e+02 5.336699e+02 4.037017e+02 3.053856e+02
 [64] 2.310130e+02 1.747528e+02 1.321941e+02 1.000000e+02 7.564633e+01 5.722368e+01 4.328761e+01
 [71] 3.274549e+01 2.477076e+01 1.873817e+01 1.417474e+01 1.072267e+01 8.111308e+00 6.135907e+00
 [78] 4.641589e+00 3.511192e+00 2.656088e+00 2.009233e+00 1.519911e+00 1.149757e+00 8.697490e-01
 [85] 6.579332e-01 4.977024e-01 3.764936e-01 2.848036e-01 2.154435e-01 1.629751e-01 1.232847e-01
 [92] 9.326033e-02 7.054802e-02 5.336699e-02 4.037017e-02 3.053856e-02 2.310130e-02 1.747528e-02
 [99] 1.321941e-02 1.000000e-02

$cvm
  [1] 0.6612154671 0.6612154670 0.6612154669 0.6612154668 0.6612154667 0.6612154665 0.6612154663
  [8] 0.6612154660 0.6612154656 0.6612154650 0.6612154643 0.6612154633 0.6612154621 0.6612154604
 [15] 0.6612154582 0.6612154553 0.6612154514 0.6612154463 0.6612154396 0.6612154307 0.6612154189
 [22] 0.6612154034 0.6612153828 0.6612153556 0.6612153196 0.6612152721 0.6612152093 0.6612151263
 [29] 0.6612150165 0.6612148714 0.6612146795 0.6612144259 0.6612140907 0.6612136475 0.6612130616
 [36] 0.6612122871 0.6612112633 0.6612099100 0.6612081209 0.6612057558 0.6612026295 0.6611984966
 [43] 0.6611930334 0.6611858117 0.6611762653 0.6611636465 0.6611469664 0.6611249187 0.6610957771
 [50] 0.6610572608 0.6610063572 0.6609390878 0.6608502002 0.6607327633 0.6605776364 0.6603727729
 [57] 0.6601023134 0.6597454057 0.6592746811 0.6586543006 0.6578374764 0.6567657121 0.6553597360
 [64] 0.6535172482 0.6511123446 0.6479854909 0.6439401178 0.6387393590 0.6321060145 0.6237278939
 [71] 0.6132707029 0.6003996272 0.5848089720 0.5662509004 0.5445624731 0.5196766570 0.4916191649
 [78] 0.4604989200 0.4265010780 0.3899173341 0.3511701883 0.3108435581 0.2697215611 0.2287761228
 [85] 0.1891391217 0.1519991730 0.1184704044 0.0894187027 0.0653176255 0.0461981610 0.0316838956
 [92] 0.0211186558 0.0137168405 0.0087127583 0.0054289307 0.0033276708 0.0020120450 0.0012029150
 [99] 0.0007148857 0.0004220052

$cvsd
  [1] 3.801819e-02 3.801819e-02 3.801819e-02 3.801819e-02 3.801819e-02 3.801819e-02 3.801819e-02
  [8] 3.801819e-02 3.801819e-02 3.801819e-02 3.801819e-02 3.801819e-02 3.801819e-02 3.801819e-02
 [15] 3.801819e-02 3.801819e-02 3.801819e-02 3.801819e-02 3.801819e-02 3.801819e-02 3.801819e-02
 [22] 3.801819e-02 3.801819e-02 3.801818e-02 3.801818e-02 3.801818e-02 3.801817e-02 3.801817e-02
 [29] 3.801816e-02 3.801815e-02 3.801814e-02 3.801812e-02 3.801810e-02 3.801807e-02 3.801803e-02
 [36] 3.801797e-02 3.801790e-02 3.801781e-02 3.801768e-02 3.801752e-02 3.801730e-02 3.801702e-02
 [43] 3.801664e-02 3.801614e-02 3.801548e-02 3.801460e-02 3.801345e-02 3.801192e-02 3.800990e-02
 [50] 3.800723e-02 3.800371e-02 3.799905e-02 3.799289e-02 3.798476e-02 3.797401e-02 3.795982e-02
 [57] 3.794108e-02 3.791636e-02 3.788375e-02 3.784076e-02 3.778416e-02 3.770942e-02 3.761252e-02
 [64] 3.748485e-02 3.731821e-02 3.710156e-02 3.682132e-02 3.646124e-02 3.600244e-02 3.542408e-02
 [71] 3.470462e-02 3.382406e-02 3.276690e-02 3.152575e-02 3.010315e-02 2.851293e-02 2.677714e-02
 [78] 2.492228e-02 2.297099e-02 2.094335e-02 1.885632e-02 1.672731e-02 1.457929e-02 1.244690e-02
 [85] 1.037278e-02 8.410343e-03 6.614889e-03 5.034703e-03 3.705151e-03 2.636586e-03 1.815571e-03
 [92] 1.213873e-03 7.886210e-04 5.008957e-04 3.118209e-04 1.911561e-04 1.153232e-04 6.889657e-05
 [99] 4.090010e-05 2.400319e-05

$cvup
  [1] 0.6992336589 0.6992336588 0.6992336587 0.6992336586 0.6992336585 0.6992336583 0.6992336580
  [8] 0.6992336577 0.6992336572 0.6992336567 0.6992336559 0.6992336549 0.6992336535 0.6992336517
 [15] 0.6992336494 0.6992336463 0.6992336421 0.6992336367 0.6992336295 0.6992336200 0.6992336074
 [22] 0.6992335907 0.6992335687 0.6992335397 0.6992335012 0.6992334504 0.6992333832 0.6992332944
 [29] 0.6992331771 0.6992330219 0.6992328167 0.6992325456 0.6992321871 0.6992317132 0.6992310868
 [36] 0.6992302587 0.6992291640 0.6992277168 0.6992258038 0.6992232750 0.6992199321 0.6992155130
 [43] 0.6992096714 0.6992019494 0.6991917419 0.6991782490 0.6991604136 0.6991368388 0.6991056787
 [50] 0.6990644946 0.6990100652 0.6989381363 0.6988430918 0.6987175203 0.6985516479 0.6983325933
 [57] 0.6980433980 0.6976617648 0.6971584277 0.6964950630 0.6956216379 0.6944751294 0.6929722517
 [64] 0.6910020964 0.6884305526 0.6850870473 0.6807614422 0.6752005996 0.6681084580 0.6591519743
 [71] 0.6479753251 0.6342236871 0.6175758767 0.5977766542 0.5746656182 0.5481895840 0.5183963055
 [78] 0.4854211965 0.4494720698 0.4108606857 0.3700265132 0.3275708680 0.2843008553 0.2412230200
 [85] 0.1995119030 0.1604095156 0.1250852929 0.0944534055 0.0690227760 0.0488347469 0.0334994663
 [92] 0.0223325285 0.0145054615 0.0092136539 0.0057407516 0.0035188269 0.0021273683 0.0012718116
 [99] 0.0007557858 0.0004460084

$cvlo
  [1] 0.6231972753 0.6231972752 0.6231972752 0.6231972751 0.6231972749 0.6231972748 0.6231972745
  [8] 0.6231972743 0.6231972739 0.6231972734 0.6231972727 0.6231972718 0.6231972706 0.6231972691
 [15] 0.6231972670 0.6231972643 0.6231972607 0.6231972560 0.6231972497 0.6231972414 0.6231972305
 [22] 0.6231972160 0.6231971968 0.6231971715 0.6231971381 0.6231970938 0.6231970354 0.6231969581
 [29] 0.6231968559 0.6231967208 0.6231965423 0.6231963062 0.6231959942 0.6231955817 0.6231950364
 [36] 0.6231943156 0.6231933627 0.6231921031 0.6231904379 0.6231882367 0.6231853268 0.6231814803
 [43] 0.6231763955 0.6231696739 0.6231607888 0.6231490439 0.6231335192 0.6231129986 0.6230858754
 [50] 0.6230500270 0.6230026492 0.6229400393 0.6228573086 0.6227480063 0.6226036249 0.6224129526
 [57] 0.6221612288 0.6218290466 0.6213909345 0.6208135382 0.6200533148 0.6190562948 0.6177472203
 [64] 0.6160324001 0.6137941366 0.6108839345 0.6071187934 0.6022781183 0.5961035709 0.5883038135
 [71] 0.5785660807 0.5665755672 0.5520420673 0.5347251466 0.5144593280 0.4911637300 0.4648420242
 [78] 0.4355766436 0.4035300862 0.3689739824 0.3323138635 0.2941162482 0.2551422668 0.2163292257
 [85] 0.1787663405 0.1435888304 0.1118555158 0.0843839998 0.0616124749 0.0435615752 0.0298683249
 [92] 0.0199047832 0.0129282194 0.0082118626 0.0051171098 0.0031365146 0.0018967218 0.0011340184
 [99] 0.0006739856 0.0003980020

$nzero
 s0  s1  s2  s3  s4  s5  s6  s7  s8  s9 s10 s11 s12 s13 s14 s15 s16 s17 s18 s19 s20 s21 s22 s23 
 78  78  78  78  78  78  78  78  78  78  78  78  78  78  78  78  78  78  78  78  78  78  78  78 
s24 s25 s26 s27 s28 s29 s30 s31 s32 s33 s34 s35 s36 s37 s38 s39 s40 s41 s42 s43 s44 s45 s46 s47 
 78  78  78  78  78  78  78  78  78  78  78  78  78  78  78  78  78  78  78  78  78  78  78  78 
s48 s49 s50 s51 s52 s53 s54 s55 s56 s57 s58 s59 s60 s61 s62 s63 s64 s65 s66 s67 s68 s69 s70 s71 
 78  78  78  78  78  78  78  78  78  78  78  78  78  78  78  78  78  78  78  78  78  78  78  78 
s72 s73 s74 s75 s76 s77 s78 s79 s80 s81 s82 s83 s84 s85 s86 s87 s88 s89 s90 s91 s92 s93 s94 s95 
 78  78  78  78  78  78  78  78  78  78  78  78  78  78  78  78  78  78  78  78  78  78  78  78 
s96 s97 s98 s99 
 78  78  78  78 

$name
                 mse 
"Mean-Squared Error" 

$glmnet.fit

Call:  glmnet(x = ridge_matrix, y = train_set$ADM_RATE[train_nona],      lambda = grid, intercept = FALSE, standardize = FALSE, alpha = 0) 

       Df      %Dev    Lambda
  [1,] 78 3.041e-10 1.000e+10
  [2,] 78 4.020e-10 7.565e+09
  [3,] 78 5.314e-10 5.722e+09
  [4,] 78 7.024e-10 4.329e+09
  [5,] 78 9.286e-10 3.275e+09
  [6,] 78 1.227e-09 2.477e+09
  [7,] 78 1.623e-09 1.874e+09
  [8,] 78 2.145e-09 1.417e+09
  [9,] 78 2.836e-09 1.072e+09
 [10,] 78 3.749e-09 8.111e+08
 [11,] 78 4.955e-09 6.136e+08
 [12,] 78 6.551e-09 4.642e+08
 [13,] 78 8.660e-09 3.511e+08
 [14,] 78 1.145e-08 2.656e+08
 [15,] 78 1.513e-08 2.009e+08
 [16,] 78 2.001e-08 1.520e+08
 [17,] 78 2.645e-08 1.150e+08
 [18,] 78 3.496e-08 8.697e+07
 [19,] 78 4.621e-08 6.579e+07
 [20,] 78 6.109e-08 4.977e+07
 [21,] 78 8.076e-08 3.765e+07
 [22,] 78 1.068e-07 2.848e+07
 [23,] 78 1.411e-07 2.154e+07
 [24,] 78 1.866e-07 1.630e+07
 [25,] 78 2.466e-07 1.233e+07
 [26,] 78 3.260e-07 9.326e+06
 [27,] 78 4.310e-07 7.055e+06
 [28,] 78 5.698e-07 5.337e+06
 [29,] 78 7.532e-07 4.037e+06
 [30,] 78 9.957e-07 3.054e+06
 [31,] 78 1.316e-06 2.310e+06
 [32,] 78 1.740e-06 1.748e+06
 [33,] 78 2.300e-06 1.322e+06
 [34,] 78 3.041e-06 1.000e+06
 [35,] 78 4.019e-06 7.565e+05
 [36,] 78 5.313e-06 5.722e+05
 [37,] 78 7.024e-06 4.329e+05
 [38,] 78 9.285e-06 3.275e+05
 [39,] 78 1.227e-05 2.477e+05
 [40,] 78 1.623e-05 1.874e+05
 [41,] 78 2.145e-05 1.417e+05
 [42,] 78 2.836e-05 1.072e+05
 [43,] 78 3.748e-05 8.111e+04
 [44,] 78 4.955e-05 6.136e+04
 [45,] 78 6.550e-05 4.642e+04
 [46,] 78 8.658e-05 3.511e+04
 [47,] 78 1.145e-04 2.656e+04
 [48,] 78 1.513e-04 2.009e+04
 [49,] 78 2.000e-04 1.520e+04
 [50,] 78 2.643e-04 1.150e+04
 [51,] 78 3.494e-04 8.697e+03
 [52,] 78 4.618e-04 6.579e+03
 [53,] 78 6.103e-04 4.977e+03
 [54,] 78 8.065e-04 3.765e+03
 [55,] 78 1.066e-03 2.848e+03
 [56,] 78 1.408e-03 2.154e+03
 [57,] 78 1.860e-03 1.630e+03
 [58,] 78 2.456e-03 1.233e+03
 [59,] 78 3.243e-03 9.326e+02
 [60,] 78 4.279e-03 7.055e+02
 [61,] 78 5.644e-03 5.337e+02
 [62,] 78 7.432e-03 4.037e+02
 [63,] 78 9.783e-03 3.054e+02
 [64,] 78 1.286e-02 2.310e+02
 [65,] 78 1.688e-02 1.748e+02
 [66,] 78 2.210e-02 1.322e+02
 [67,] 78 2.885e-02 1.000e+02
 [68,] 78 3.754e-02 7.565e+01
 [69,] 78 4.861e-02 5.722e+01
 [70,] 78 6.258e-02 4.329e+01
 [71,] 78 8.002e-02 3.275e+01
 [72,] 78 1.015e-01 2.477e+01
 [73,] 78 1.274e-01 1.874e+01
 [74,] 78 1.583e-01 1.417e+01
 [75,] 78 1.943e-01 1.072e+01
 [76,] 78 2.355e-01 8.111e+00
 [77,] 78 2.819e-01 6.136e+00
 [78,] 78 3.332e-01 4.642e+00
 [79,] 78 3.889e-01 3.511e+00
 [80,] 78 4.486e-01 2.656e+00
 [81,] 78 5.113e-01 2.009e+00
 [82,] 78 5.760e-01 1.520e+00
 [83,] 78 6.413e-01 1.150e+00
 [84,] 78 7.056e-01 8.697e-01
 [85,] 78 7.671e-01 6.579e-01
 [86,] 78 8.240e-01 4.977e-01
 [87,] 78 8.748e-01 3.765e-01
 [88,] 78 9.183e-01 2.848e-01
 [89,] 78 9.540e-01 2.154e-01
 [90,] 78 9.821e-01 1.630e-01
 [91,] 78 1.003e+00 1.233e-01
 [92,] 78 1.018e+00 9.326e-02
 [93,] 78 1.029e+00 7.055e-02
 [94,] 78 1.036e+00 5.337e-02
 [95,] 78 1.041e+00 4.037e-02
 [96,] 78 1.043e+00 3.054e-02
 [97,] 78 1.045e+00 2.310e-02
 [98,] 78 1.046e+00 1.748e-02
 [99,] 78 1.047e+00 1.322e-02
[100,] 78 1.047e+00 1.000e-02

$lambda.min
[1] 0.01

$lambda.1se
[1] 0.01

attr(,"class")
[1] "cv.glmnet"

Minimum Lambda that will help us find Best Model
[1] 0.01

Ridge MSE of Test Data Set
[1] 0.0003884257

Official Coefficients of Full Model using Ridge Regression
84 x 1 sparse Matrix of class "dgCMatrix"
                            1
(Intercept)      .           
STABBRAL         1.960033e-03
STABBRAR         4.241010e-04
STABBRAZ         2.642901e-03
STABBRCA         1.346079e-03
STABBRCO         2.012525e-03
STABBRCT         1.512229e-04
STABBRDC         3.966774e-05
STABBRDE        -7.262936e-04
STABBRFL        -1.371730e-03
STABBRFM         .           
STABBRGA         2.591778e-04
STABBRGU         .           
STABBRHI         1.782116e-04
STABBRIA         2.349550e-03
STABBRID         7.190127e-04
STABBRIL         5.160177e-04
STABBRIN         1.590925e-03
STABBRKS        -1.154596e-03
STABBRKY        -2.245369e-03
STABBRLA         8.424919e-04
STABBRMA        -1.451096e-03
STABBRMD        -8.120757e-04
STABBRME         1.125720e-03
STABBRMH         .           
STABBRMI         6.573592e-04
STABBRMN         3.553976e-04
STABBRMO        -9.823614e-04
STABBRMS         4.170976e-04
STABBRMT         3.518898e-04
STABBRNC        -2.868383e-03
STABBRND        -3.397428e-04
STABBRNE        -1.138236e-04
STABBRNH         1.446696e-04
STABBRNJ        -1.417021e-03
STABBRNM         1.659325e-03
STABBRNV         8.712020e-04
STABBRNY        -2.420051e-03
STABBROH         7.364160e-04
STABBROK        -9.107376e-04
STABBROR        -1.007632e-03
STABBRPA        -1.609308e-03
STABBRPR         .           
STABBRRI        -6.886429e-04
STABBRSC        -2.071777e-03
STABBRSD         2.633919e-04
STABBRTN        -2.864488e-03
STABBRTX        -3.089558e-03
STABBRUT        -4.738616e-04
STABBRVA        -1.681212e-03
STABBRVI        -9.034639e-05
STABBRVT        -2.218739e-04
STABBRWA         2.628326e-04
STABBRWI        -8.638104e-04
STABBRWV        -2.642630e-03
STABBRWY         .           
ZIP             -2.455230e-03
UGDS_WHITE      -1.572984e-04
UGDS_BLACK      -4.321394e-03
UGDS_HISP        2.596741e-03
UGDS_ASIAN      -1.123484e-03
UGDS_AIAN        6.144017e-04
UGDS_NHPI        3.385528e-03
UGDS_2MOR        8.775598e-04
UGDS_NRA        -1.675337e-03
UGDS_UNKN       -2.474647e-04
AGE_ENTRY       -5.057282e-03
UGDS_WOMEN      -1.452229e-03
MARRIED          7.534972e-03
FIRST_GEN       -1.223210e-03
FAMINC           1.970594e-03
MN_EARN_WNE_P10 -5.660909e-03
ST_FIPS          9.326411e-03
SATVR25         -3.969642e-03
SATVR75         -4.433076e-03
SATMT25         -7.306601e-03
SATMT75          6.619232e-03
SATWR25          7.010458e-04
SATWR75          1.094766e-03
completion      -2.492424e-03
transfer        -1.339507e-03
LOCALE          -1.106978e-03
CCUGPROF         2.049206e-03
ADM_RATE         9.702276e-01
